7.717
14.233
19.6
33.883
43.15
50.5
53.733
67.167
91.95
134.8
144.117
156.167
166.517
178.833
203.983
206.517
213.017
213.25
213.467
258
267.783
295.35
301.067
315.8
325.183
328.95
382.4
413.8
423.783
443.083
445.6
452.883
465.95
468.617
484.617
497.333
527.967
533.567
561.883
574.733
599.983
603.7
608.8
627.95
647.217
655.7
685.35
696.2
699.217
767.883
815.3
832.15
842.4
873.717
882.667
899.2
907.967
914.6
920.167
955.083
973.517
978.317
987.2
1022.483
1038.65
1052.25
1061.95
1067.883
1076.183
1095.183
1100.283
1105.65
1147.783
1158.7